100 1 0 0 21.4580 0.2500
100 0 0 1 100.0430 0.0000
100 1 0 0 23.6730 0.2306
100 0 0 1 100.0910 0.0000
100 0 0 1 100.0200 0.0000
0 0 0 1 100.0730 0.0000
0 0 0 1 100.0910 0.0000
0 1 0 0 24.9050 0.2500
0 0 0 1 100.1000 0.0000
100 1 0 0 24.7780 0.2203
0 1 0 0 30.3500 0.2213
0 0 1 0 18.2700 0.0000
100 1 0 0 21.9710 0.2485
100 0 0 1 100.0860 0.0000
100 1 0 0 26.2340 0.2081
100 1 0 0 24.3420 0.2243
100 1 0 0 20.6330 0.2500
100 0 0 1 100.1030 0.0000
100 0 0 1 100.0380 0.0000
100 0 0 1 100.0940 0.0000
100 0 0 1 100.0170 0.0000
100 1 0 0 20.9600 0.2500
100 0 0 1 100.0690 0.0000
100 1 0 0 19.9470 0.2500
100 1 0 0 40.3240 0.1354
100 1 0 0 39.8040 0.1371
100 1 0 0 39.8190 0.1371
100 0 0 1 100.0070 0.0000
100 0 0 1 100.0760 0.0000
100 0 0 1 100.0510 0.0000
100 1 0 0 21.6410 0.2500
0 0 1 0 31.6830 0.0000
100 1 0 0 20.9700 0.2500
0 1 0 0 25.4750 0.2500
0 1 0 0 25.0330 0.2500
50 1 0 0 24.7700 0.2495
12 1 0 0 23.0600 0.2500
0 0 0 1 100.0270 0.0000
0 0 0 1 100.0150 0.0000
100 1 0 0 29.0960 0.1876
0 1 0 0 17.6710 0.2500
100 1 0 0 24.5290 0.2225
0 1 0 0 18.6510 0.2500
150 1 0 0 18.6770 0.2500
50 0 0 1 100.0630 0.0000
0 1 0 0 32.3940 0.2073
0 1 0 0 18.4980 0.2500
0 1 0 0 17.9540 0.2500
50 1 0 0 18.8740 0.2500
0 0 0 1 100.0070 0.0000
0 1 0 0 19.1530 0.2500
